Product: Powerball
Draw Date(s): 10-Oct-2013
Draw Number(s): 908
Purchase Date: 08-Oct-2013 04:18 PM AEST
Number: 01 019192 18495
Price: $46.45

Selected Numbers:
==============================
[01]  05 07 10 27 28 36  PB: 04
[02]  04 06 11 13 30 33  PB: 07
[03]  09 10 18 22 24 34  PB: 17
[04]  07 15 18 20 30 36  PB: 02
[05]  10 12 16 19 21 34  PB: 03
[06]  09 20 26 27 31 32  PB: 14
[07]  05 12 19 20 26 28  PB: 20
[08]  10 12 20 22 25 33  PB: 12
[09]  04 07 24 25 32 40  PB: 01
[10]  08 16 20 28 33 38  PB: 18
[11]  06 10 15 27 28 37  PB: 04
[12]  15 19 20 27 31 34  PB: 20
[13]  04 06 16 28 30 38  PB: 12
[14]  03 05 25 27 32 39  PB: 11
[15]  10 27 28 31 32 33  PB: 17
[16]  05 10 19 23 32 37  PB: 15
[17]  01 09 14 25 34 36  PB: 06
[18]  01 07 08 13 19 32  PB: 02
[19]  02 22 28 29 34 37  PB: 02
[20]  09 13 18 22 31 40  PB: 15
[21]  02 06 14 17 27 40  PB: 08
[22]  13 15 20 24 32 39  PB: 09
[23]  06 07 11 13 14 31  PB: 04
[24]  05 09 10 25 30 39  PB: 09
[25]  06 08 14 19 24 37  PB: 15
[26]  03 19 22 27 31 32  PB: 07
[27]  05 10 17 28 38 40  PB: 17
[28]  06 20 21 34 37 39  PB: 15
[29]  06 17 32 36 39 40  PB: 20
[30]  01 04 13 30 35 36  PB: 01
[31]  01 04 12 15 34 38  PB: 19
[32]  10 16 20 23 35 39  PB: 19
[33]  05 13 17 19 21 39  PB: 07
[34]  09 12 13 21 27 37  PB: 07
[35]  16 19 21 24 34 36  PB: 03
[36]  01 06 07 24 28 31  PB: 15
[37]  06 11 25 26 30 39  PB: 10
[38]  14 21 28 30 31 37  PB: 08
[39]  03 16 23 28 29 35  PB: 06
[40]  05 17 22 31 33 36  PB: 03
[41]  05 06 07 16 21 31  PB: 02
[42]  02 08 09 22 25 30  PB: 05
[43]  10 12 20 21 31 39  PB: 05
[44]  07 10 16 18 21 34  PB: 06
[45]  03 04 16 28 30 38  PB: 11
[46]  01 03 07 25 26 27  PB: 10
[47]  05 07 10 19 33 35  PB: 09
[48]  07 08 30 31 39 40  PB: 18
[49]  01 05 10 23 26 30  PB: 01
[50]  09 11 17 24 32 36  PB: 17
==============================
Product: Powerball
Draw Date(s): 10-Oct-2013
Draw Number(s): 908
Purchase Date: 08-Oct-2013 04:18 PM AEST
Number: 01 019192 18492
Price: $46.45

Selected Numbers:
==============================
[01]  07 16 17 27 29 39  PB: 17
[02]  04 16 18 20 21 40  PB: 06
[03]  01 05 11 33 35 38  PB: 09
[04]  07 13 24 25 30 31  PB: 18
[05]  12 13 15 18 31 38  PB: 19
[06]  07 14 15 22 33 36  PB: 04
[07]  07 12 13 18 27 39  PB: 11
[08]  02 11 13 16 22 31  PB: 17
[09]  01 03 13 18 33 40  PB: 07
[10]  10 13 17 18 19 30  PB: 12
[11]  02 04 08 14 29 33  PB: 18
[12]  13 21 24 27 37 39  PB: 05
[13]  05 17 21 30 32 33  PB: 06
[14]  17 18 21 28 30 32  PB: 07
[15]  05 13 14 23 28 39  PB: 11
[16]  04 15 18 28 34 40  PB: 15
[17]  07 14 28 33 34 39  PB: 06
[18]  01 04 08 09 31 33  PB: 01
[19]  04 06 16 20 36 37  PB: 06
[20]  02 05 17 22 26 36  PB: 01
[21]  02 04 18 20 28 36  PB: 14
[22]  05 11 15 19 20 36  PB: 06
[23]  12 19 21 22 26 34  PB: 14
[24]  01 11 13 17 24 39  PB: 02
[25]  05 12 18 30 34 38  PB: 19
[26]  02 05 14 17 27 36  PB: 03
[27]  06 10 26 30 36 40  PB: 12
[28]  08 09 25 26 33 36  PB: 02
[29]  01 07 16 18 25 30  PB: 09
[30]  01 13 25 27 33 34  PB: 14
[31]  02 03 04 11 21 28  PB: 14
[32]  07 19 27 31 33 38  PB: 07
[33]  03 16 20 25 31 38  PB: 10
[34]  06 09 11 12 20 39  PB: 06
[35]  01 09 15 23 25 39  PB: 20
[36]  04 11 13 20 36 37  PB: 13
[37]  05 12 17 28 38 40  PB: 05
[38]  01 07 13 21 34 35  PB: 04
[39]  04 06 20 21 27 29  PB: 01
[40]  10 21 26 29 35 39  PB: 16
[41]  07 12 14 35 37 38  PB: 11
[42]  04 09 12 15 19 31  PB: 18
[43]  02 07 11 15 22 38  PB: 17
[44]  02 03 21 22 25 29  PB: 14
[45]  05 08 19 20 24 31  PB: 13
[46]  07 08 13 16 30 38  PB: 14
[47]  04 30 33 34 35 37  PB: 06
[48]  01 10 15 18 27 31  PB: 02
[49]  05 10 15 17 21 39  PB: 20
[50]  13 16 20 21 25 26  PB: 15
==============================
Product: Powerball
Draw Date(s): 10-Oct-2013
Draw Number(s): 908
Purchase Date: 08-Oct-2013 04:18 PM AEST
Number: 01 019192 18494
Price: $37.20

Selected Numbers:
==============================
[01]  12 13 16 27 29 32  PB: POWERHIT
[02]  04 09 14 21 23 28  PB: POWERHIT
==============================
